3 0 0 7 0 0
24
1.35 0 1.35 0.1 2.7 0 2
1.65 0 1.65 0.1 3.3 2 2.5
0.25 0.3 0.25 0.8 0.5 0 0.5
3.3 0 3.3 4.8 0.1 0 2.5
0.05 0 0.05 4.8 0.1 0 2.5
1.7 0 1.7 4.9 3.3 2.5 2.6
1.7 4.8 1.7 4.9 3.3 0 2
1.9 4.8 1.9 4.9 2.8 2 2.5
1.1 0.8 1.1 2.9 2.2 0 0.5
0.25 2.9 0.25 3.4 0.5 0 0.5
0.9 4 0.9 4.5 1.8 0 2
3 0.8 3 2.9 0.6 0 1
5.35 0 5.35 0.1 2.7 0 2
5.65 0 5.65 0.1 3.3 2 2.5
4.25 0.3 4.25 0.8 0.5 0 0.5
7.3 0 7.3 4.8 0.1 0 2.5
4 0 4 4.8 0.1 0 2.5
5.7 0 5.7 4.9 3.3 2.5 2.6
5.7 4.8 5.7 4.9 3.3 0 2
5.9 4.8 5.9 4.9 2.8 2 2.5
5.1 0.8 5.1 2.9 2.2 0 0.5
4.25 2.9 4.25 3.4 0.5 0 0.5
4.9 4 4.9 4.5 1.8 0 2
7 0.8 7 2.9 0.6 0 1
0.1