(30, 0, 0)
(70, 0, 0)
24
[(0, 0), (27, 0), (27, 1), (0, 1)], (0, 20)
[(0, 0), (32, 0), (32, 1), (0, 1)], (20, 25)
[(0, 2), (5, 2), (5, 8), (0, 8)], (0, 5)
[(32, 0), (33, 0), (33, 47), (32, 47)], (0, 25)
[(0, 0), (1, 0), (1, 47), (0, 47)], (0, 25)
[(0, 0), (33, 0), (33, 49), (0, 49)], (25, 26)
[(0, 47), (33, 47), (33, 49), (0, 49)], (0, 20)
[(5, 47), (32, 47), (32, 49), (5, 49)], (20, 25)
[(0, 8), (22, 8), (22, 28), (0, 28)], (0, 5)
[(0, 28), (5, 28), (5, 34), (0, 34)], (0, 5)
[(0, 40), (18, 40), (18, 45), (0, 45)], (0, 20)
[(27, 8), (32, 8), (32, 28), (27, 28)], (0, 10)
[(39, 0), (66, 0), (66, 1), (39, 1)], (0, 20)
[(40, 0), (73, 0), (73, 1), (40, 1)], (20, 25)
[(40, 2), (45, 2), (45, 8), (40, 8)], (0, 5)
[(72, 0), (73, 0), (73, 47), (72, 47)], (0, 25)
[(39, 0), (40, 0), (40, 47), (39, 47)], (0, 25)
[(40, 0), (73, 0), (73, 49), (40, 49)], (25, 26)
[(40, 47), (73, 47), (73, 49), (40, 49)], (0, 20)
[(45, 47), (73, 47), (73, 49), (45, 49)], (20, 25)
[(39, 8), (61, 8), (61, 28), (39, 28)], (0, 5)
[(40, 28), (45, 28), (45, 34), (40, 34)], (0, 5)
[(40, 40), (58, 40), (58, 45), (40, 45)], (0, 20)
[(67, 8), (73, 8), (73, 28), (67, 28)], (0, 10)
9
(30, 0, 0)
(8, 39, 20)
(4, 49, 21)
(19, 50, 21)
(33, 49, 21)
(37, 48, 21)
(41, 47, 21)
(46, 39, 20)
(70, 0, 0)
